Generacion 0 | Mejor: [9, 9, 6, 5, 8, 4, 9, 4, 3, 9, 3, 7, 5, 8, 3, 9, 9, 6, 9, 8] | Suma = 133
Generacion 1 | Mejor: [3, 5, 7, 7, 7, 8, 9, 7, 9, 4, 9, 8, 7, 6, 5, 6, 9, 6, 4, 7] | Suma = 133
Generacion 2 | Mejor: [8, 6, 7, 6, 9, 7, 9, 7, 5, 7, 6, 4, 5, 5, 6, 8, 6, 5, 5, 8] | Suma = 129
Generacion 3 | Mejor: [6, 6, 8, 6, 7, 7, 5, 5, 5, 7, 8, 9, 6, 5, 6, 7, 8, 8, 7, 8] | Suma = 134
Generacion 4 | Mejor: [6, 5, 6, 8, 8, 6, 6, 6, 6, 7, 6, 9, 8, 8, 4, 8, 6, 8, 7, 7] | Suma = 135
Generacion 5 | Mejor: [5, 8, 8, 6, 7, 9, 7, 7, 5, 9, 8, 7, 6, 7, 6, 7, 7, 6, 6, 7] | Suma = 138
Generacion 6 | Mejor: [5, 5, 8, 8, 8, 8, 7, 6, 7, 5, 9, 7, 7, 8, 8, 8, 8, 8, 8, 7] | Suma = 145
Generacion 7 | Mejor: [8, 5, 5, 8, 8, 6, 7, 6, 9, 9, 8, 8, 7, 9, 8, 9, 6, 9, 7, 4] | Suma = 146
Generacion 8 | Mejor: [9, 8, 9, 6, 8, 8, 7, 8, 7, 8, 9, 8, 7, 8, 7, 8, 9, 6, 9, 6] | Suma = 155
Generacion 9 | Mejor: [7, 6, 9, 9, 6, 7, 8, 9, 8, 7, 9, 7, 6, 8, 8, 9, 8, 7, 8, 9] | Suma = 155
Generacion 10 | Mejor: [9, 7, 6, 8, 9, 9, 7, 6, 8, 9, 9, 8, 9, 8, 7, 9, 8, 9, 7, 8] | Suma = 160
Generacion 11 | Mejor: [9, 6, 8, 9, 8, 7, 7, 8, 8, 9, 8, 9, 9, 9, 7, 6, 9, 9, 9, 8] | Suma = 162
Generacion 12 | Mejor: [8, 7, 6, 8, 9, 9, 9, 7, 8, 8, 8, 9, 9, 8, 9, 9, 9, 9, 9, 9] | Suma = 167
Generacion 13 | Mejor: [8, 8, 8, 9, 8, 9, 9, 8, 8, 8, 8, 9, 8, 9, 9, 9, 9, 9, 9, 9] | Suma = 171
Generacion 14 | Mejor: [9, 8, 9, 9, 7, 9, 9, 8, 8, 9, 9, 9, 8, 8, 8, 9, 9, 9, 9, 8] | Suma = 171
Generacion 15 | Mejor: [9, 8, 8, 9, 8, 9, 9, 8, 9, 9, 9, 9, 8, 8, 9, 9, 9, 9, 9, 8] | Suma = 173
Generacion 16 | Mejor: [9, 9, 9, 9, 9, 9, 9, 9, 9, 9, 9, 8, 9, 8, 8, 9, 9, 9, 9, 9] | Suma = 177
Generacion 17 | Mejor: [9, 8, 9, 9, 8, 9, 9, 8, 9, 9, 9, 9, 9, 9, 9, 9, 9, 9, 9, 8] | Suma = 176
Generacion 18 | Mejor: [9, 9, 9, 9, 9, 9, 9, 9, 9, 9, 9, 9, 9, 9, 9, 9, 9, 9, 9, 9] | Suma = 180
